1,3,4,7
2,3,5
1,2,3,5,6
2,5,7
1,2,5,6,7
1,3,5
1,2,4,6,7
2,4,5,6
1,2,4,5,7
1,2,3,6
3,4,5
2,4,5
1,2,3,4,5,6
2,3,4,5,7
1,2,3,4,5
1,2,4,5,6
1,2,4,5,7
1,3,5,6,7
2,3,4,6
1,3,4,6,7
2,3,5,6
1,3,4,5,6
1,2,3,4,7
2,3,5,6,7
1,2,4,5
1,2,3,7
2,3,4,5,6
1,2,4,6
1,2,3,5
2,3,4,7
1,2,4,5,6
1,2,3,5,7
2,3,4,5
1,3,6,7
1,2,4,6,7
2,3,5,7
1,2,4,6
1,3,4,5
1,2,4,7
1,2,3,4,5,6,7
1,2,5
2,4
2,3
1,2,4
1,3
2,3
1,3
1,2,3,5
1,2,3
1,2,5,8,10,11,14,15,16,17,20,22,23,26,27,29,30,32,34,37,38,40,43,44,47,48,49,50
1,3,4,5,8,9,12,14,16,18,19,20,23,26,28,30,31,32,35,38,39,41,42,43,46,48,50
2,3,5,6,9,11,13,14,17,18,21,22,25,27,29,30,31,33,35,36,39,41,42,44,46,48,49,50
2,3,100
1,2,4,10